userid,2014-10-04 ,2014-10-05 ,2014-10-06 ,2014-10-07 ,2014-10-08 ,2014-10-09 ,2014-10-10 ,2014-10-11 ,2014-10-12 ,2014-10-13 
30938,745 ,0 ,0 ,619 ,85 ,243 ,1058 ,0 ,0 ,285 
77123,611 ,587 ,113 ,0 ,230 ,46 ,8 ,5 ,10 ,0 
108605,516 ,635 ,385 ,423 ,281 ,438 ,213 ,335 ,132 ,100 
258484,619 ,0 ,633 ,441 ,57 ,0 ,0 ,120 ,122 ,0 
1097822,520 ,783 ,253 ,345 ,0 ,0 ,0 ,0 ,0 ,0 
1109980,930 ,133 ,17 ,0 ,0 ,0 ,0 ,0 ,0 ,0 
1142542,736 ,0 ,722 ,104 ,276 ,88 ,0 ,47 ,79 ,0 
1320986,285 ,1379 ,1726 ,616 ,1419 ,695 ,1376 ,689 ,162 ,47 
1714152,423 ,202 ,177 ,30 ,0 ,0 ,0 ,0 ,0 ,0 
1942582,5928 ,2226 ,2369 ,3674 ,1536 ,705 ,61 ,730 ,596 ,245 
2253951,587 ,385 ,384 ,457 ,12 ,138 ,30 ,0 ,58 ,472 
2625031,1014 ,122 ,744 ,313 ,60 ,1093 ,154 ,80 ,168 ,77 
2954871,633 ,353 ,13 ,13 ,409 ,385 ,252 ,292 ,243 ,43 
2956593,489 ,62 ,0 ,0 ,0 ,0 ,0 ,0 ,0 ,0 
2966261,710 ,0 ,0 ,0 ,0 ,0 ,0 ,0 ,0 ,0 
3013423,1630 ,389 ,126 ,398 ,0 ,8 ,0 ,55 ,166 ,0 
3174481,1720 ,2076 ,1547 ,646 ,12 ,38 ,3 ,8 ,36 ,0 
3289784,1667 ,1293 ,1261 ,1704 ,624 ,724 ,68 ,49 ,0 ,763 
3310881,994 ,1572 ,1107 ,1479 ,480 ,1515 ,1435 ,963 ,6 ,281 
3325891,299 ,429 ,307 ,338 ,43 ,463 ,299 ,124 ,152 ,151 
3411701,971 ,52 ,0 ,0 ,0 ,0 ,0 ,0 ,0 ,0 
3465156,140 ,17 ,5 ,0 ,3 ,0 ,0 ,0 ,32 ,0 
3496073,313 ,0 ,3913 ,4471 ,3303 ,1571 ,1 ,417 ,1872 ,5030 
3572474,1707 ,629 ,1818 ,626 ,545 ,839 ,1832 ,2011 ,2328 ,817 
3575701,1060 ,526 ,500 ,80 ,39 ,20 ,130 ,307 ,29 ,7 
3579676,1632 ,1728 ,106 ,309 ,434 ,82 ,898 ,563 ,1066 ,288 
3609962,515 ,176 ,409 ,728 ,473 ,653 ,364 ,302 ,316 ,183 
3615035,401 ,189 ,58 ,156 ,26 ,120 ,0 ,29 ,0 ,0 
3619387,35 ,0 ,10 ,6 ,0 ,29 ,0 ,16 ,7 ,0 
3636156,1064 ,737 ,239 ,214 ,170 ,189 ,23 ,454 ,40 ,21 
3636223,277 ,1 ,3 ,3 ,4 ,0 ,0 ,0 ,7 ,0 
3636607,2188 ,72 ,109 ,83 ,162 ,412 ,55 ,0 ,14 ,0 
