userid,2014-10-04 ,2014-10-05 ,2014-10-06 ,2014-10-07 ,2014-10-08 ,2014-10-09 ,2014-10-10 ,2014-10-11 ,2014-10-12 ,2014-10-13 
34923,1220 ,3645 ,2082 ,3417 ,771 ,262 ,11 ,15 ,49 ,36 
307330,12 ,0 ,0 ,2108 ,1352 ,322 ,494 ,456 ,1145 ,1159 
323743,0 ,0 ,0 ,513 ,676 ,783 ,78 ,2418 ,773 ,257 
366920,60 ,454 ,405 ,1248 ,776 ,410 ,1406 ,915 ,31 ,613 
380067,117 ,104 ,478 ,153 ,127 ,47 ,44 ,12 ,68 ,17 
1111849,295 ,127 ,521 ,1376 ,102 ,432 ,1294 ,1237 ,1202 ,682 
1297851,490 ,75 ,21 ,1141 ,351 ,465 ,382 ,395 ,902 ,11 
1691463,579 ,0 ,73 ,4673 ,31 ,629 ,1765 ,123 ,121 ,579 
1692717,0 ,0 ,29 ,205 ,0 ,0 ,0 ,0 ,0 ,0 
1736193,1445 ,43 ,146 ,1514 ,16 ,1 ,26 ,790 ,28 ,626 
2428075,0 ,0 ,0 ,1860 ,29 ,1167 ,474 ,591 ,15 ,0 
2642896,0 ,0 ,0 ,2451 ,0 ,0 ,0 ,0 ,1516 ,0 
2885663,0 ,0 ,0 ,1918 ,1314 ,1012 ,1438 ,192 ,165 ,269 
3045201,445 ,47 ,106 ,1025 ,76 ,164 ,525 ,134 ,1072 ,356 
3060095,0 ,0 ,0 ,317 ,774 ,65 ,0 ,0 ,356 ,369 
3178721,0 ,0 ,0 ,4859 ,1362 ,951 ,309 ,1436 ,299 ,167 
3260862,188 ,122 ,1195 ,2108 ,242 ,150 ,1134 ,458 ,28 ,81 
3571296,398 ,251 ,851 ,615 ,413 ,81 ,9 ,0 ,15 ,9 
3599817,475 ,294 ,1036 ,331 ,274 ,178 ,77 ,133 ,274 ,25 
3625891,6 ,5 ,7 ,37 ,35 ,20 ,84 ,143 ,5 ,16 
3631003,0 ,0 ,2264 ,1370 ,3016 ,2190 ,1652 ,48 ,0 ,0 
3650591,0 ,0 ,109 ,632 ,166 ,32 ,17 ,63 ,7 ,20 
3651592,0 ,0 ,349 ,1695 ,148 ,405 ,0 ,0 ,0 ,0 
3652421,0 ,0 ,0 ,1871 ,1303 ,602 ,1131 ,1066 ,919 ,456 
3652623,0 ,0 ,0 ,1187 ,723 ,862 ,0 ,0 ,0 ,0 
3652731,0 ,0 ,0 ,1106 ,329 ,116 ,401 ,283 ,491 ,20 
3652953,0 ,0 ,0 ,668 ,145 ,193 ,0 ,0 ,0 ,0 
3653535,0 ,0 ,0 ,541 ,1313 ,363 ,230 ,289 ,383 ,68 
