userid,2014-10-04 ,2014-10-05 ,2014-10-06 ,2014-10-07 ,2014-10-08 ,2014-10-09 ,2014-10-10 ,2014-10-11 ,2014-10-12 ,2014-10-13 
119284,232 ,301 ,1033 ,305 ,1000 ,397 ,796 ,713 ,1805 ,95 
141605,0 ,0 ,730 ,0 ,110 ,8 ,0 ,0 ,0 ,0 
286784,130 ,701 ,520 ,225 ,6 ,0 ,0 ,271 ,130 ,277 
1002710,0 ,0 ,2385 ,420 ,222 ,22 ,377 ,321 ,19 ,0 
1032387,0 ,48 ,154 ,30 ,237 ,367 ,695 ,472 ,344 ,202 
1045160,382 ,635 ,949 ,588 ,925 ,2695 ,517 ,242 ,258 ,256 
1080401,0 ,0 ,469 ,14 ,94 ,126 ,19 ,281 ,494 ,0 
1633842,0 ,144 ,142 ,64 ,0 ,0 ,0 ,1 ,119 ,17 
2729512,1156 ,0 ,2274 ,782 ,213 ,125 ,24 ,10 ,18 ,57 
2868836,2153 ,3139 ,2141 ,1813 ,1650 ,673 ,967 ,696 ,396 ,534 
3002023,976 ,108 ,2013 ,0 ,0 ,0 ,0 ,0 ,0 ,0 
3348802,55 ,574 ,948 ,0 ,497 ,1532 ,782 ,112 ,444 ,183 
3375072,0 ,73 ,5164 ,37 ,0 ,0 ,0 ,0 ,46 ,0 
3448876,102 ,481 ,1549 ,2544 ,1410 ,0 ,701 ,407 ,0 ,2374 
3631003,0 ,0 ,2264 ,1370 ,3016 ,2190 ,1652 ,48 ,0 ,0 
3637696,438 ,86 ,1547 ,801 ,355 ,43 ,20 ,5 ,17 ,0 
3639674,468 ,4338 ,1925 ,1322 ,907 ,653 ,123 ,15 ,106 ,7 
3646413,0 ,309 ,479 ,509 ,321 ,2102 ,47 ,0 ,0 ,0 
3647114,0 ,0 ,677 ,319 ,149 ,9 ,88 ,1 ,0 ,0 
